12732
166301
364025
24574
739483
302271
249592
527734
946892
614232
530091
985305
235571
635523
953477
348883
730968
173670
334019
948001
701642
736268
653569
75502
357932
212744
715286
53236
206450
645753
467385
152268
859917
625362
690297
909290
481489
935756
386440
895935
864892
277866
567486
644687
274542
164167
654288
729855
212664
381895
836133
495726
444428
646571
344744
473617
3513
547992
615601
463201
674456
567364
314919
241240
726404
483375
417008
574265
646396
407244
392164
544360
864110
601695
81349
429529
242374
712958
284229
92714
372957
180123
770603
701362
179648
806898
701294
187053
631838
143293
416591
739503
237209
79124
776509
184938
911396
805041
407544
440410
328706
441436
172969
484468
453932
936717
288867
761665
111712
839369
941899
272468
677735
303914
544287
96030
68853
332403
195804
547051
787003
837365
125245
525973
840743
436506
922563
224391
505564
560597
574079
640743
997776
145676
458780
444633
955091
819074
221412
108165
762024
324841
292227
119694
779613
3213
292250
45305
65651
104655
234484
424203
885814
487217
125514
920685
997123
67713
674327
669419
437516
360450
810567
351956
696964
768951
782836
308234
597326
467289
695132
401690
928390
619358
646165
353655
482306
782655
161987
836377
634450
298579
272769
557143
362685
665592
469807
465215
857701
309792
108782
592654
282031
185174
75764
343699
793882
378396
703418
706556
109693
867972
862651
369768
907218
837877
553326
261847
468916
193571
730521
783630
323287
437621
600574
482193
831996
675470
946806
137295
325468
343992
107747
554467
314983
938844
683458
719119
178651
986313
345447
905219
112598
104986
735207
678914
840092
822409
541552
906349
441416
95700
563704
704631
566302
775188
352546
894632
437931
995968
